[?25l[0m [38;2;0;0;0m                             [0m
 [38;2;0;0;0m        [0m [38;2;38;49;70m▗[0m [38;2;0;0;0m                  [0m
 [38;2;0;0;0m    [38;2;27;30;44m╷[38;2;21;26;44m▃[38;2;38;54;84m▃[7m[38;2;42;58;88m▝[38;2;54;71;101m▝[38;2;46;61;89m╺[0m[38;2;44;59;88m▂[38;2;60;79;107m▖[0m [38;2;0;0;1m                [0m
 [38;2;0;0;0m   [0m [38;2;169;125;117;48;2;42;51;73m▂[38;2;82;96;129;48;2;38;51;84m▇[38;2;68;82;113;48;2;76;92;126m┈[38;2;72;90;126;48;2;82;101;137m┷[38;2;69;92;130;48;2;81;104;143m┊[38;2;82;111;153;48;2;27;48;87m▇[38;2;84;120;167;48;2;53;73;106m▄[0m[38;2;54;77;109m▄[38;2;47;65;87m╸                [0m
 [38;2;0;0;0m   [7m[38;2;63;74;102m▌[0m[38;2;69;70;99;48;2;75;85;115m╷[38;2;123;108;118;48;2;68;79;109m▘[38;2;60;73;104;48;2;78;91;124m╸[38;2;83;95;128;48;2;92;107;141m╱[38;2;93;108;143;48;2;101;119;156m▁[38;2;94;114;151;48;2;109;135;177m┎[38;2;82;112;156;48;2;105;137;182m╹[38;2;83;117;162;48;2;43;62;92m▋[0m[7m[38;2;41;56;78m▆[0m[38;2;9;13;19m                [0m
 [38;2;0;0;0m   [7m[38;2;32;39;53m▇[38;2;59;63;83m▅[38;2;19;32;63m▆[38;2;65;73;103m▆[0m[38;2;30;38;66;48;2;78;84;117m▖[38;2;88;97;130;48;2;104;119;156m▌[38;2;127;145;184;48;2;115;134;174m┈[38;2;119;144;186;48;2;98;123;163m▇[38;2;18;29;47;48;2;82;105;143m▝[0m[38;2;38;56;87m▂[0m [38;2;0;0;0m               [0m
 [38;2;0;0;0m       [38;2;1;10;32;48;2;65;76;118m▏[38;2;77;93;140;48;2;91;108;152m▌[38;2;101;118;161;48;2;111;127;168m▌[38;2;123;140;181;48;2;129;148;189m▏[38;2;130;149;190;48;2;129;153;197m▃[38;2;81;99;136;48;2;107;129;168m┗[38;2;105;139;186;48;2;38;61;101m▇[0m[38;2;88;124;169m▆[38;2;60;87;129m▖             [0m
 [38;2;0;0;0m       [7m[38;2;54;65;105m▌[0m[38;2;75;88;133;48;2;73;88;135m╴[38;2;99;116;160;48;2;83;101;146m▝[38;2;86;102;140;48;2;109;126;166m▁[38;2;61;75;103;48;2;114;129;166m╷[38;2;111;126;152;48;2;127;142;182m▁[38;2;131;147;188;48;2;129;146;186m┊[38;2;99;117;154;48;2;107;135;178m╴[38;2;70;87;117;48;2;95;123;166m╶[0m[38;2;116;148;194m▖[0m [38;2;11;18;29m   [0m  [38;2;0;0;0m      [0m
 [38;2;0;0;0m      [38;2;54;64;93m▂[7m[38;2;69;81;118m▘[0m[38;2;68;79;118;48;2;69;82;126m╎[38;2;68;85;131;48;2;79;96;141m▅[38;2;64;79;116;48;2;71;84;118m╴[38;2;74;85;117;48;2;44;57;90m▇[38;2;65;77;112;48;2;90;103;135m▂[38;2;95;112;154;48;2;122;137;173m▂[38;2;95;111;141;48;2;121;139;177m╹[38;2;129;151;194;48;2;105;124;163m▊[38;2;103;123;161;48;2;123;146;189m▎[38;2;97;116;152;48;2;27;40;65m▇[0m[38;2;113;135;176m▅[38;2;113;135;175m▅[38;2;116;140;183;48;2;22;32;58m▆[38;2;96;119;158;48;2;13;20;38m▇[38;2;87;110;147;48;2;21;32;56m▇[0m[38;2;72;91;126m▆[38;2;26;36;60m▖    [0m
 [38;2;0;0;0m     [7m[38;2;54;65;96m▊[0m[38;2;79;90;121;48;2;67;77;102m▉[0m[7m[38;2;55;64;100m▄[38;2;42;57;96m▃[0m[38;2;30;41;72;48;2;63;79;125m▏[38;2;64;83;132;48;2;64;81;126m┈[38;2;62;79;124;48;2;69;86;131m┊[38;2;79;96;143;48;2;63;71;107m▆[38;2;94;111;154;48;2;73;87;126m▆[38;2;97;114;157;48;2;116;133;174m▃[38;2;100;118;160;48;2;127;143;183m▃[38;2;95;110;144;48;2;118;134;173m┌[38;2;79;93;129;48;2;106;122;161m▏[38;2;89;105;142;48;2;103;120;160m╴[38;2;92;109;152;48;2;113;129;169m▂[38;2;82;98;141;48;2;110;126;166m▃[38;2;49;62;96;48;2;82;97;133m▁[38;2;31;39;60;48;2;77;91;125m▂[38;2;70;81;114;48;2;81;97;131m▃[0m[38;2;55;67;96m▌    [0m
 [38;2;0;0;0m     [0m [7m[38;2;45;50;69m▆[0m[38;2;0;0;0m  [38;2;53;67;107m▝[38;2;78;83;122;48;2;70;83;128m╷[38;2;80;88;131;48;2;64;83;131m▁[38;2;64;83;131;48;2;70;89;136m▆[38;2;66;85;133;48;2;77;94;141m▆[38;2;69;87;135;48;2;81;98;144m▆[38;2;67;84;129;48;2;88;105;147m╸[38;2;92;108;150;48;2;128;144;184m▘[38;2;103;119;161;48;2;70;85;125m▉[38;2;13;18;32;48;2;56;70;112m▁[0m[7m[38;2;66;82;127m▃[38;2;59;74;114m▅[38;2;30;38;59m▇[0m [7m[38;2;45;54;80m▅[38;2;62;73;102m▃[0m[38;2;63;74;105m╸   [0m
 [38;2;0;0;0m          [7m[38;2;62;73;103m▖[0m[38;2;55;66;105;48;2;76;85;120m╲[0m[7m[38;2;75;81;118m▄[38;2;78;87;128m▄[38;2;77;88;130m▅[38;2;51;65;97m▆[0m[38;2;62;74;106;48;2;81;95;130m▃[0m[38;2;55;68;104m▋           [0m
 [38;2;0;0;0m          [38;2;60;69;94m▝[7m[38;2;50;61;89m▄[0m[38;2;0;0;0m   [0m [7m[38;2;57;66;93m▄[0m[38;2;58;67;95m▘           [0m
 [38;2;0;0;0m                             [0m
 [38;2;0;0;0m                             [0m
[?25h