[?25l[0m [38;2;0;0;0m                                                             [0m
 [38;2;0;0;0m                                                             [0m
 [38;2;0;0;0m                                                             [0m
 [38;2;0;0;0m                                                             [0m
 [38;2;0;0;0m                                                             [0m
 [38;2;0;0;0m                                                             [0m
 [38;2;0;0;0m                                                             [0m
 [38;2;0;0;0m                                                             [0m
 [38;2;0;0;0m                  [38;2;12;10;37m▁[38;2;19;18;62m▂[38;2;49;51;116m▁[38;2;64;90;146m▃[38;2;76;114;170m▄[38;2;94;147;205m▄[38;2;102;166;221;48;2;19;16;48m▄[0m[38;2;88;130;193m▄[38;2;80;104;179m▃[38;2;45;37;106m▂[38;2;17;16;46m▁[0m [38;2;5;4;12m                               [0m
 [38;2;0;0;0m                [0m [38;2;79;92;122m▃[38;2;107;132;164m▅[38;2;120;159;189;48;2;32;38;77m▆[38;2;101;170;218;48;2;109;163;200m╴[38;2;107;162;203;48;2;101;171;218m▁[38;2;101;164;212;48;2;101;174;220m▃[38;2;101;169;216;48;2;101;177;223m▄[38;2;101;171;218;48;2;101;178;224m▃[38;2;102;179;224;48;2;102;177;223m┊[38;2;102;180;226;48;2;99;176;218m┊[38;2;103;184;226;48;2;104;179;228m┈[38;2;102;177;226;48;2;57;50;131m▆[38;2;97;152;213;48;2;25;18;74m▅[0m[38;2;60;57;138m▖[0m [38;2;0;0;0m                             [0m
 [38;2;0;0;0m               [0m [38;2;48;45;50;48;2;109;100;100m▋[38;2;117;107;106;48;2;147;131;124m╸[38;2;71;57;80;48;2;136;130;131m┰[38;2;119;99;105;48;2;142;138;139m╸[38;2;124;125;139;48;2;128;134;151m┌[38;2;74;117;156;48;2;125;145;164m╴[38;2;64;105;109;48;2;108;144;179m╶[38;2;89;146;186;48;2;105;163;206m╴[38;2;101;167;215;48;2;101;168;216m▋[38;2;102;171;219;48;2;101;169;217m▝[38;2;101;171;219;48;2;87;114;181m▇[38;2;106;186;229;48;2;101;177;222m▗[38;2;102;178;224;48;2;101;171;220m┊[38;2;98;159;211;48;2;100;178;220m╴[38;2;102;172;224;48;2;79;105;178m▇[0m[38;2;67;82;154m▅[38;2;17;16;52m▂[0m [38;2;0;0;0m                           [0m
 [38;2;0;0;0m               [0m [7m[38;2;111;95;82m▄[38;2;81;67;76m▅[38;2;109;98;93m▂[38;2;100;88;95m▅[38;2;120;123;119m▅[38;2;54;57;86m▅[38;2;107;145;149m▆[38;2;73;103;129m▖[0m[38;2;81;111;148;48;2;106;152;192m┒[38;2;107;169;212;48;2;101;170;218m▏[38;2;102;173;220;48;2;100;166;217m┊[38;2;102;176;222;48;2;98;169;212m┊[38;2;106;189;230;48;2;101;176;222m▘[38;2;100;178;224;48;2;101;177;223m┊[38;2;102;180;225;48;2;103;184;226m╴[38;2;106;194;232;48;2;103;181;228m╴[38;2;90;144;194;48;2;47;44;115m▅[38;2;75;108;163;48;2;21;14;56m▆[0m[38;2;72;93;161m▄[0m [38;2;9;8;26m                         [0m
 [38;2;0;0;0m                       [7m[38;2;20;28;66m▌[0m[38;2;42;67;106;48;2;94;148;193m▖[38;2;101;163;208;48;2;101;171;218m▘[38;2;101;174;220;48;2;102;174;221m╱[38;2;104;181;227;48;2;102;177;223m╺[38;2;105;182;230;48;2;101;176;223m▖[38;2;99;161;215;48;2;64;96;141m▉[38;2;45;58;109;48;2;86;148;183m▌[38;2;51;92;117;48;2;99;171;215m┓[38;2;103;184;228;48;2;102;181;226m┊[38;2;104;181;226;48;2;102;176;225m┈[38;2;106;182;230;48;2;102;174;223m┊[38;2;94;151;204;48;2;39;44;98m▄[0m[38;2;46;47;111m▆[0m [38;2;0;0;0m                       [0m
 [38;2;0;0;0m                     [0m [38;2;52;76;122m▁[38;2;86;141;188;48;2;14;14;42m▄[38;2;56;92;132;48;2;102;175;219m▘[38;2;102;173;220;48;2;101;173;218m┈[38;2;100;174;221;48;2;101;174;221m╌[38;2;105;187;229;48;2;101;177;222m▝[38;2;75;128;167;48;2;100;176;219m▁[38;2;101;178;224;48;2;102;177;224m╴[38;2;58;107;135;48;2;100;167;219m╹[38;2;103;151;225;48;2;101;177;222m┊[38;2;103;183;227;48;2;103;184;228m╴[38;2;110;200;238;48;2;104;186;231m┗[38;2;73;119;156;48;2;100;167;220m╺[38;2;70;148;158;48;2;100;166;216m▏[38;2;50;95;116;48;2;95;159;206m╸[38;2;100;161;218;48;2;33;31;80m▅[0m[38;2;66;75;148m▃[0m [38;2;11;10;31m                     [0m
 [38;2;0;0;0m                   [0m [38;2;62;109;135m▗[38;2;99;162;209;48;2;32;40;82m▅[38;2;64;110;136;48;2;98;159;207m╺[38;2;102;171;219;48;2;100;169;215m╴[38;2;102;171;221;48;2;98;162;210m┊[38;2;101;174;221;48;2;99;171;216m┊[38;2;101;175;222;48;2;101;174;221m▝[48;2;102;176;222m [38;2;101;169;220;48;2;71;106;159m▇[38;2;101;177;224;48;2;99;174;218m┊[38;2;101;177;223;48;2;102;177;224m▉[38;2;74;102;159;48;2;102;179;224m▗[38;2;67;111;146;48;2;100;182;221m▖[38;2;103;185;228;48;2;110;198;238m▆[38;2;102;132;220;48;2;102;177;225m╶[38;2;50;55;120;48;2;93;163;201m▖[38;2;103;180;226;48;2;97;172;213m┈[38;2;46;66;106;48;2;96;159;205m╻[38;2;102;180;224;48;2;103;175;222m┊[38;2;99;158;215;48;2;46;42;113m▅[0m[7m[38;2;31;29;81m▝[0m [38;2;0;0;0m                   [0m
 [38;2;0;0;0m                   [38;2;33;56;87m╺[38;2;59;101;128;48;2;94;154;197m▏[38;2;102;157;205;48;2;101;165;213m▖[38;2;101;161;209;48;2;101;168;215m▁[38;2;37;53;96;48;2;99;160;209m▗[38;2;48;84;107;48;2;96;155;198m╴[38;2;95;142;190;48;2;96;156;200m╴[38;2;100;173;220;48;2;101;173;220m┊[38;2;107;188;232;48;2;102;177;222m┕[38;2;103;176;223;48;2;98;116;206m▉[38;2;41;89;99;48;2;97;166;210m╸[38;2;81;110;172;48;2;95;160;205m┐[38;2;101;177;223;48;2;102;176;223m╴[38;2;68;59;151;48;2;99;173;217m╹[38;2;104;183;228;48;2;102;182;227m╷[38;2;103;182;227;48;2;102;183;228m┊[38;2;77;149;172;48;2;102;175;225m╵[38;2;103;181;226;48;2;96;162;210m┊[38;2;103;154;223;48;2;24;32;75m▌[38;2;51;75;119;48;2;92;144;189m▍[38;2;100;158;204;48;2;99;153;203m┊[38;2;97;150;199;48;2;79;106;179m▇[0m[38;2;78;97;164m▄[0m [38;2;0;0;0m                  [0m
 [38;2;0;0;0m                   [38;2;13;15;38;48;2;88;117;139m▍[38;2;121;145;170;48;2;110;154;194m▃[38;2;105;159;202;48;2;111;150;186m▝[38;2;103;147;191;48;2;100;156;206m▃[38;2;63;70;135;48;2;97;143;197m╵[38;2;28;24;80;48;2;89;137;181m╱[38;2;100;153;203;48;2;100;156;203m┈[38;2;62;79;133;48;2;94;150;196m╸[38;2;101;169;217;48;2;101;171;219m▅▂[38;2;101;170;218;48;2;101;173;220m▄[48;2;101;172;220m [38;2;106;184;231;48;2;102;175;221m┖[38;2;100;175;221;48;2;101;174;221m┊[38;2;57;82;133;48;2;94;159;203m╻[38;2;102;180;225;48;2;104;185;228m╴[38;2;108;191;236;48;2;103;182;227m╸[38;2;52;58;122;48;2;95;161;206m╺[38;2;70;77;154;48;2;96;166;208m▝[38;2;25;25;77;48;2;95;102;136m┓[38;2;82;96;96;48;2;117;124;149m▁[38;2;91;114;99;48;2;122;134;156m▁[38;2;130;138;161;48;2;57;52;105m▋[0m[38;2;19;15;52m▏[0m [38;2;1;1;2m                 [0m
 [38;2;0;0;0m                  [0m [7m[38;2;92;98;102m▖[0m[38;2;152;128;114;48;2;137;136;142m▅[38;2;142;135;137;48;2;132;136;146m╴[38;2;129;131;147;48;2;109;137;177m▄[38;2;95;131;184;48;2;92;105;188m▉[38;2;55;68;120;48;2;96;149;191m▍[38;2;99;153;199;48;2;96;143;195m╴[38;2;100;153;204;48;2;98;150;200m┊[38;2;101;165;215;48;2;100;161;207m╴[38;2;101;158;207;48;2;102;168;215m▄[38;2;101;160;207;48;2;101;168;215m▖[38;2;102;168;216;48;2;101;168;216m╴[38;2;101;168;216;48;2;101;170;217m▄[38;2;101;169;217;48;2;102;171;218m▅[38;2;77;130;166;48;2;95;156;203m╷[38;2;105;179;222;48;2;100;171;216m╴[38;2;83;144;179;48;2;103;181;226m▁[38;2;103;181;229;48;2;101;178;222m╴[38;2;103;182;226;48;2;64;70;142m▆[38;2;104;178;227;48;2;59;44;111m▆[38;2;103;176;225;48;2;54;61;108m▆[38;2;110;173;212;48;2;68;30;136m▇[38;2;104;180;223;48;2;48;47;111m▆[38;2;102;161;209;48;2;44;46;95m▅[38;2;92;121;164;48;2;21;15;56m▆[0m[38;2;92;60;110m▂[38;2;12;11;40m▁               [0m
 [38;2;0;0;0m                   [0m [38;2;14;16;45;48;2;116;108;96m▖[38;2;156;131;116;48;2;151;118;112m┊[38;2;117;103;104;48;2;147;129;123m▏[38;2;119;105;130;48;2;57;48;108m▊[38;2;26;46;79;48;2;77;104;164m▖[38;2;30;56;83;48;2;92;141;189m▍[38;2;97;145;199;48;2;90;92;184m▉[38;2;65;101;140;48;2;96;146;195m▏[38;2;97;150;198;48;2;101;154;204m▏[38;2;101;156;206;48;2;101;164;211m▋[38;2;101;167;214;48;2;101;166;214m╵ [38;2;101;167;215;48;2;101;169;216m▇[38;2;58;73;131;48;2;94;151;195m╸[38;2;101;169;217;48;2;101;166;212m┊[38;2;102;169;217;48;2;101;165;215m┈[38;2;29;17;86;48;2;95;153;201m╶[38;2;31;32;82;48;2;93;151;194m╴[38;2;100;155;204;48;2;102;176;219m▅[38;2;29;21;84;48;2;81;114;168m╺[38;2;121;150;176;48;2;56;66;99m▖[38;2;107;111;118;48;2;100;167;208m▆[38;2;114;107;111;48;2;104;145;178m▇[38;2;116;108;101;48;2;118;110;117m┈[38;2;123;113;104;48;2;116;108;115m┈[38;2;112;105;115;48;2;55;27;84m▇[0m[38;2;99;75;99m▅[0m [38;2;9;8;31m             [0m
 [38;2;0;0;0m                    [7m[38;2;41;55;74m▋[0m[38;2;125;107;98;48;2;152;124;109m╷[38;2;141;107;106;48;2;100;61;94m▉[0m[38;2;62;43;83m▋[7m[38;2;15;15;46m▆[0m[38;2;38;59;93m▝[38;2;22;32;63;48;2;73;116;158m▄[38;2;62;109;129;48;2;94;148;195m╴[38;2;104;171;214;48;2;96;155;201m┊[38;2;103;166;214;48;2;101;163;212m┊[38;2;103;170;212;48;2;99;160;207m┈[38;2;102;166;214;48;2;101;163;213m┈[38;2;90;162;186;48;2;98;156;204m╷[38;2;118;143;171;48;2;101;154;204m▁[38;2;101;153;204;48;2;99;144;195m╴[38;2;55;91;119;48;2;101;155;202m╸[38;2;83;130;172;48;2;95;146;194m╷[38;2;98;149;200;48;2;100;155;204m▘[38;2;100;156;206;48;2;100;152;203m╴[38;2;27;73;77;48;2;106;132;180m▁[38;2;86;61;105;48;2;124;124;132m▁[38;2;104;133;175;48;2;92;99;121m╾[38;2;107;87;95;48;2;116;100;102m┈[38;2;85;82;84;48;2;114;97;101m╌[38;2;121;109;106;48;2;121;107;104m▏[38;2;74;70;79;48;2;103;88;97m╷[38;2;127;115;105;48;2;85;68;88m╴[0m[38;2;17;16;45m▏             [0m
 [38;2;0;0;0m                    [7m[38;2;71;67;81m▋[0m[38;2;103;79;90;48;2;123;96;96m▆[38;2;110;76;86;48;2;94;66;83m┊[0m[38;2;43;22;67m▘[38;2;50;75;110m▗[38;2;91;141;189m▅[38;2;94;150;195;48;2;64;95;141m▇[38;2;101;163;213;48;2;101;165;213m╹[38;2;102;165;214;48;2;101;165;214m▚[38;2;101;157;208;48;2;101;165;213m▗[38;2;101;154;204m▄[48;2;100;157;205m╴[38;2;78;117;161;48;2;96;146;196m╷[38;2;94;132;183;48;2;100;151;200m▂[38;2;129;136;157;48;2;109;148;188m▗[38;2;143;135;133;48;2;122;125;148m╴[38;2;102;124;151;48;2;71;92;121m▇[38;2;82;134;162;48;2;98;149;197m╷[38;2;101;156;207;48;2;100;146;204m▇[38;2;32;22;90;48;2;102;127;188m▝[38;2;46;32;79;48;2;99;96;112m▇[38;2;105;74;110;48;2;38;32;77m▝[38;2;107;69;105;48;2;59;54;85m┛[38;2;25;29;58;48;2;64;55;89m╶[0m[7m[38;2;45;38;77m╸[0m[38;2;17;16;62m▅[38;2;18;17;67m━[0m [38;2;8;8;26m             [0m
 [38;2;0;0;0m                 [0m [38;2;150;142;147m▄[38;2;129;112;149m▄[38;2;86;64;84;48;2;103;79;91m╾[38;2;102;77;88;48;2;93;67;85m┈[0m[38;2;71;47;77m▘[38;2;69;99;126m▗[38;2;79;103;134;48;2;101;146;186m▏[38;2;80;115;164;48;2;99;154;201m╵[38;2;101;164;208;48;2;101;161;210m╴[38;2;45;65;107;48;2;97;143;200m╺[38;2;48;89;114;48;2;71;100;151m┈[0m[7m[38;2;80;125;168m▄[38;2;57;89;128m▄[38;2;50;79;117m▂[38;2;73;108;158m▂[38;2;74;97;159m▂[38;2;76;74;98m▂[0m[38;2;83;67;83;48;2;119;93;103m▁[38;2;43;59;83;48;2;120;99;122m╹[38;2;82;58;97;48;2;114;132;152m▖[38;2;68;85;120;48;2;112;149;184m╻[38;2;100;154;204;48;2;101;153;201m╴[38;2;81;79;127;48;2;102;143;201m▝[38;2;91;87;146;48;2;87;59;98m▖[38;2;116;89;115;48;2;88;45;99m▇[38;2;131;104;145;48;2;62;37;89m▃[38;2;18;16;70;48;2;51;54;100m╶[0m[7m[38;2;35;38;81m▁[0m[38;2;16;15;56m┐[0m [38;2;0;0;0m             [0m
 [38;2;0;0;0m                [0m [38;2;91;90;95m▝[38;2;85;61;86;48;2;27;33;59m▃[38;2;165;162;140;48;2;102;90;108m┗[38;2;27;42;71;48;2;97;70;90m╻[0m[38;2;85;59;85m▘[0m [7m[38;2;120;112;104m▎[0m[38;2;116;96;99;48;2;123;121;134m▁[38;2;121;122;127;48;2;123;141;159m╴[38;2;130;145;151;48;2;103;151;200m▖[38;2;124;144;161;48;2;102;155;202m▖[38;2;102;157;207;48;2;89;118;186m▇[0m[7m[38;2;63;76;134m▝[0m [38;2;16;13;35m   [0m [7m[38;2;49;38;68m▖[0m[38;2;15;16;49;48;2;111;75;84m▁[38;2;61;61;75;48;2;128;87;93m▁[38;2;131;89;91;48;2;128;92;102m▖[38;2;126;84;95;48;2;102;143;169m▅[38;2;79;56;88;48;2;105;149;188m▃[38;2;84;114;167;48;2;81;66;101m▋[38;2;67;53;92;48;2;112;86;107m▚[38;2;86;69;93;48;2;131;119;139m▃[0m[7m[38;2;89;68;109m▝[0m [38;2;36;35;48m               [0m
 [38;2;0;0;0m              [0m [38;2;78;70;88m▄[38;2;96;78;91;48;2;31;19;67m▇[38;2;117;96;99;48;2;107;89;95m┊[0m[7m[38;2;75;59;83m▁[38;2;93;76;87m▁[38;2;84;61;85m▃[0m [38;2;12;12;35m [0m [7m[38;2;113;97;92m▖[0m[38;2;72;50;108;48;2;135;111;108m╵[38;2;143;130;136;48;2;76;59;90m▉[38;2;101;100;102;48;2;130;133;137m▏[38;2;18;21;68;48;2;95;106;143m┏[0m[7m[38;2;75;69;113m━[0m[38;2;57;37;74m▘    [0m [38;2;3;3;6m [7m[38;2;15;16;46m▇[38;2;26;30;66m▅[38;2;67;56;79m▄[38;2;90;63;85m▃[38;2;51;46;74m▃[0m[38;2;31;40;48;48;2;109;95;99m▖[38;2;54;65;85;48;2;104;63;95m╲[0m[38;2;41;29;74m▌[0m [38;2;0;0;0m               [0m
 [38;2;0;0;0m               [7m[38;2;18;16;51m▇[38;2;51;57;72m▇[38;2;19;24;58m▇[0m[38;2;1;1;1m      [0m [7m[38;2;86;70;79m▃[0m[38;2;84;101;78;48;2;153;123;109m▏[0m[7m[38;2;66;55;81m▃[0m[38;2;79;61;87m▋[7m[38;2;76;86;93m▅[0m[38;2;72;69;97m▘         [0m [38;2;3;3;6m [0m [7m[38;2;80;76;83m▅[38;2;65;45;74m▅[0m[38;2;3;3;6m                [0m
 [38;2;0;0;0m                          [7m[38;2;63;55;61m▇[0m [38;2;0;0;0m                                 [0m
 [38;2;0;0;0m                                                             [0m
 [38;2;0;0;0m                                                             [0m
 [38;2;0;0;0m                                                             [0m
 [38;2;0;0;0m                                                             [0m
 [38;2;0;0;0m                                                             [0m
[?25h