[0m             [38;2;45;61;97m▗[38;2;81;102;131;48;2;15;24;47m▖[0m[38;2;81;102;131m                     [0m
      [38;2;33;47;81m▗[0m [38;2;67;85;118;48;2;19;30;53m┏[0m[38;2;2;14;47m▏[38;2;80;99;129;48;2;21;31;55m▗[0m[38;2;33;49;79m▎[38;2;56;72;106m▄[38;2;44;60;87;48;2;80;99;131m▗[0m[38;2;30;45;70m▘[0m   [38;2;18;32;68m▂                 [0m
   [38;2;25;33;62m▖[38;2;69;77;104m▗[38;2;1;10;35m▏[38;2;63;77;104;48;2;10;21;51m▝[0m[7m[38;2;33;46;76m▘[0m[38;2;61;77;108;48;2;19;34;72m▊[38;2;85;113;156;48;2;9;20;51m▁[38;2;74;101;145;48;2;26;41;75m▂[38;2;7;16;43;48;2;60;76;107m▘[38;2;39;54;85;48;2;84;103;133m▃[0m[7m[38;2;19;32;61m╱[38;2;48;65;95m▘[0m[38;2;17;27;50m▚[38;2;64;84;120m▄[38;2;66;86;118;48;2;17;30;62m▆[0m[38;2;66;87;117m▘                 [0m
  [7m[38;2;40;48;78m▊[0m[38;2;67;73;99;48;2;12;22;49m▍[38;2;95;111;147;48;2;40;49;82m▃[38;2;91;107;143;48;2;29;44;83m▗[38;2;71;88;123;48;2;18;33;72m▅[38;2;90;114;152;48;2;76;96;133m▝[38;2;36;53;89;48;2;81;103;141m╱[38;2;71;91;128;48;2;83;107;144m▅[38;2;94;123;166;48;2;84;108;150m▝[38;2;22;39;74;48;2;68;94;136m┎[38;2;77;105;149;48;2;32;53;98m▅[38;2;78;110;158;48;2;12;28;67m▅[38;2;56;74;106;48;2;8;21;58m▅[38;2;42;60;93;48;2;74;94;127m▃[38;2;9;20;47;48;2;65;86;114m▄[0m[38;2;38;54;85m▖[0m [38;2;32;53;91m▁[0m                [0m
  [38;2;4;12;35;48;2;91;93;118m▘[38;2;91;104;134;48;2;52;67;101m▅[38;2;66;84;118;48;2;96;112;146m▄[38;2;61;77;113;48;2;85;100;134m▌[38;2;79;93;128;48;2;63;77;111m▍[38;2;58;72;104;48;2;72;86;120m▘[38;2;86;101;136;48;2;58;75;112m▅[38;2;83;101;137;48;2;59;77;112m▅[38;2;52;68;93;48;2;83;104;144m╴[38;2;72;92;132;48;2;85;108;148m▚[38;2;76;100;139;48;2;56;77;114m▚[38;2;70;96;138;48;2;89;121;167m▘[38;2;41;64;107;48;2;75;107;152m▝[38;2;87;123;173;48;2;47;74;119m▄[38;2;90;128;179;48;2;33;58;104m▃[38;2;62;83;115;48;2;4;13;38m▅[38;2;5;12;28;48;2;52;72;104m▂[0m[38;2;48;70;98m▘                [0m
 [7m[38;2;69;73;99m▘[0m[38;2;73;85;116;48;2;195;137;116m▆[38;2;74;82;112;48;2;188;134;107m▆[38;2;170;128;116;48;2;87;87;110m▗[38;2;55;67;101;48;2;77;90;121m╷[38;2;86;99;131;48;2;63;76;109m▊[38;2;90;104;137;48;2;80;93;125m▚[38;2;88;100;134;48;2;95;110;144m▎[38;2;94;110;143;48;2;81;95;127m▏[38;2;102;120;156;48;2;104;123;161m▋[38;2;103;124;162;48;2;79;96;132m▊[38;2;105;128;169;48;2;77;97;135m▗[38;2;85;111;155;48;2;106;135;180m▘[38;2;78;109;154;48;2;104;136;184m▝[38;2;61;88;129;48;2;93;131;179m▆[38;2;67;100;154;48;2;94;133;182m╺[38;2;81;120;173;48;2;39;66;115m▅[38;2;64;86;121;48;2;6;17;43m▃[0m[38;2;53;73;104m▅[38;2;44;64;89m╸               [0m
[7m[38;2;48;60;94m▋[0m[38;2;81;92;124;48;2;72;83;115m╴[38;2;62;73;103;48;2;76;87;118m▘[38;2;46;59;84;48;2;80;91;122m▁[38;2;72;84;115;48;2;97;99;121m▅[38;2;60;72;103;48;2;78;89;120m▃[38;2;34;47;82;48;2;67;80;114m▎[38;2;89;101;135;48;2;70;84;119m▝[38;2;73;85;116;48;2;92;105;136m▃[38;2;100;115;152;48;2;85;97;131m▗[38;2;65;81;115;48;2;96;113;147m╽[38;2;109;128;166;48;2;104;123;161m▉[38;2;105;124;162;48;2;113;136;177m▍[38;2;84;103;138;48;2;111;135;176m▗[38;2;89;111;149;48;2;115;145;190m▍[38;2;120;153;202;48;2;100;132;180m▄[38;2;50;75;113;48;2;105;141;192m▝[38;2;94;132;183;48;2;66;97;139m╱[38;2;57;91;138;48;2;14;27;54m▏[0m[38;2;12;28;76m▁                [0m
[38;2;71;83;115m▝[38;2;40;50;75;48;2;81;92;123m▄[38;2;42;49;80;48;2;68;68;101m╏[38;2;62;74;106;48;2;25;36;65m╱[38;2;7;20;52;48;2;57;69;100m▅[38;2;23;35;68;48;2;46;58;91m▊[38;2;9;21;49;48;2;63;74;108m▁[38;2;76;86;121;48;2;66;76;109m┕[38;2;74;74;99;48;2;81;92;128m▁[38;2;73;82;111;48;2;82;96;133m▂[38;2;69;80;111;48;2;91;106;144m▃[38;2;92;108;142;48;2;76;88;122m▚[38;2;98;115;153;48;2;115;134;175m▎[38;2;119;140;182;48;2;88;105;141m▅[38;2;91;111;144;48;2;118;143;187m▂[38;2;87;109;147;48;2;113;140;184m╱[38;2;58;80;116;48;2;110;143;190m╸[38;2;85;115;160;48;2;48;67;100m▃[0m[7m[38;2;58;76;107m▄[38;2;43;60;80m▆[0m                [0m
  [7m[38;2;42;54;84m▆[0m    [38;2;10;16;35m▝[7m[38;2;43;46;76m▖[0m[38;2;94;94;124;48;2;62;66;98m━[38;2;113;113;144;48;2;76;83;118m━[38;2;121;134;176;48;2;99;112;148m▂[38;2;124;141;178;48;2;118;135;174m┲[38;2;122;142;182;48;2;103;120;155m▚[38;2;113;133;175;48;2;121;143;187m▌[38;2;126;151;196;48;2;126;153;199m▋[38;2;82;104;144;48;2;121;150;196m▗[38;2;16;31;63;48;2;56;75;109m─[0m[38;2;15;26;53m▌[38;2;7;15;38m▂                [0m
        [38;2;3;9;28;48;2;51;59;97m▋[38;2;67;81;123;48;2;14;26;67m▇[38;2;78;94;140;48;2;68;81;114m▄[38;2;92;108;153;48;2;83;95;127m▄[38;2;103;120;163;48;2;83;96;131m▅[38;2;79;93;125;48;2;114;132;172m▂[38;2;100;116;152;48;2;126;147;188m▅[38;2;102;122;158;48;2;126;148;192m▘[38;2;91;109;149;48;2;118;141;183m┏[38;2;87;107;149;48;2;122;149;196m▘[38;2;109;135;181;48;2;33;48;87m▆[38;2;77;100;134;48;2;31;48;81m▏[38;2;69;100;150;48;2;17;29;54m▄[38;2;76;109;161;48;2;7;15;36m▂[0m[38;2;56;85;137m▁[0m             [0m
        [38;2;2;10;32;48;2;74;78;121m▌[38;2;73;83;127;48;2;66;79;125m▖[38;2;69;87;133;48;2;76;93;139m▌[38;2;83;99;145;48;2;90;107;151m▌[38;2;96;113;156;48;2;102;118;161m▍[38;2;104;121;165;48;2;111;129;172m▊[38;2;129;147;187;48;2;127;145;186m━[38;2;130;148;190;48;2;128;150;192m▅[38;2;129;149;191;48;2;128;151;194m▄[38;2;129;152;195m┖[38;2;128;151;194;48;2;128;153;199m▄[38;2;115;136;179;48;2;84;103;140m▗[38;2;110;141;185;48;2;83;101;136m▝[38;2;122;164;219;48;2;117;147;194m▘[38;2;107;138;186;48;2;74;106;149m▖[38;2;107;152;200;48;2;73;105;151m╺[0m[38;2;109;153;210m▄[38;2;29;48;90m▂          [0m
        [38;2;46;54;92m▝[38;2;76;82;128;48;2;71;80;124m▘[38;2;66;83;130;48;2;69;87;134m▋[38;2;83;100;145;48;2;75;92;139m▝[38;2;83;100;146;48;2;92;109;153m▖[38;2;96;113;157;48;2;103;121;164m▖[38;2;121;136;178;48;2;110;127;169m▝[38;2;117;133;176;48;2;129;147;187m▖[38;2;130;147;187;48;2;130;148;189m▅[38;2;129;147;188;48;2;129;148;190m▄[38;2;118;137;176;48;2;129;148;189m▝[38;2;129;148;189;48;2;109;129;170m▅[38;2;124;142;184;48;2;82;99;133m▎[38;2;124;165;220;48;2;114;139;181m▝[38;2;124;162;213;48;2;85;115;161m▊[38;2;37;59;96;48;2;67;93;134m┕[38;2;71;101;141;48;2;122;167;222m▎[38;2;115;158;214;48;2;68;99;145m▋[38;2;55;81;126;48;2;8;17;39m▄[0m         [0m
         [38;2;78;85;128;48;2;22;31;59m▝[38;2;78;87;130;48;2;68;84;131m▖[38;2;67;85;134;48;2;70;88;136m▋[38;2;72;89;138;48;2;79;96;142m▖[38;2;96;113;157;48;2;87;103;149m▝[38;2;94;112;156;48;2;103;121;164m▖[38;2;116;132;174;48;2;110;127;169m▝[38;2;118;134;175;48;2;128;144;184m▅[38;2;101;117;151;48;2;128;144;185m▃[38;2;80;95;126;48;2;125;141;181m▎[38;2;130;146;188;48;2;130;146;187m▘[38;2;91;104;140;48;2;128;144;184m▝[38;2;124;141;182;48;2;130;146;187m▘[38;2;130;146;187;48;2;129;147;188m▃[38;2;52;64;97;48;2;86;107;145m╷[38;2;80;106;149;48;2;124;162;213m▍[38;2;123;160;211;48;2;77;98;136m▉[38;2;80;98;133;48;2;77;105;147m▃[38;2;10;20;48;48;2;84;115;162m▝[0m[38;2;24;39;75m▖       [0m
         [38;2;1;9;33;48;2;34;48;88m▎[38;2;45;55;92;48;2;73;83;127m▘[38;2;80;91;134;48;2;72;87;134m▄[38;2;73;89;137;48;2;75;92;139m▌[38;2;79;96;143;48;2;82;101;146m▌[38;2;88;105;150;48;2;93;110;154m▌[38;2;54;70;107;48;2;100;117;158m▂[38;2;51;66;104;48;2;105;123;158m╱[38;2;108;125;161;48;2;29;43;76m▉[38;2;12;25;59;48;2;104;119;155m▍[38;2;4;16;49;48;2;127;142;178m▁[38;2;128;144;181;48;2;124;140;177m▗[38;2;130;144;178;48;2;130;146;186m▁[38;2;131;146;186m┑[38;2;124;140;180;48;2;49;64;98m▊[38;2;127;159;208;48;2;106;134;177m▝[38;2;127;158;209;48;2;122;153;200m┻[38;2;119;148;196;48;2;70;91;130m▖[38;2;75;98;136;48;2;112;143;188m▋[38;2;46;67;110;48;2;120;153;203m▝[38;2;53;74;114;48;2;4;11;30m▖[0m      [0m
         [38;2;13;26;60;48;2;56;67;105m╲[38;2;75;87;131;48;2;67;81;127m▉[38;2;61;77;123;48;2;49;61;101m▅[38;2;25;40;87;48;2;63;79;122m▁[38;2;14;28;68;48;2;75;93;137m▁[38;2;42;57;101;48;2;86;103;145m▂[38;2;8;21;55;48;2;65;80;117m╻[38;2;81;91;124;48;2;69;80;112m┄[38;2;81;92;124;48;2;5;18;62m▇[38;2;81;92;125;48;2;21;34;72m▆[38;2;75;85;119;48;2;89;102;136m▍[38;2;98;111;145;48;2;51;65;104m▇[38;2;88;102;134;48;2;109;123;158m╹[38;2;130;145;185;48;2;124;140;178m┷[38;2;130;146;186;48;2;127;143;182m┙[38;2;9;21;52;48;2;130;153;197m▎[38;2;127;152;196;48;2;128;154;200m▅[38;2;128;154;201;48;2;118;142;185m▘[38;2;98;121;159;48;2;82;100;136m▝[38;2;128;153;199;48;2;126;156;203m▃[38;2;120;145;190;48;2;82;101;141m▖[38;2;72;92;130;48;2;13;27;64m▆[38;2;107;131;177;48;2;6;13;33m▄[0m[38;2;92;114;160m▂[38;2;52;69;113m▂[38;2;109;135;185m▂[38;2;105;130;180m▃[0m
      [38;2;19;29;62m▁[38;2;61;73;109m▄[38;2;76;89;124;48;2;5;10;33m▆[38;2;92;106;142;48;2;55;70;111m▘[38;2;41;52;90;48;2;66;77;122m╲[38;2;61;70;108;48;2;74;86;130m▖[38;2;71;85;130;48;2;67;85;133m▃[38;2;73;91;138;48;2;67;86;134m▝[38;2;58;74;116;48;2;77;94;141m▃[38;2;21;35;71;48;2;80;91;124m▌[48;2;81;92;123m [38;2;81;92;123;48;2;76;88;119m▌[38;2;15;27;62;48;2;59;71;101m▖[38;2;57;69;103;48;2;83;95;127m▄[38;2;76;91;128;48;2;101;114;149m▄[38;2;93;109;149;48;2;121;136;173m▄[38;2;128;144;184;48;2;101;118;158m▝[38;2;47;62;94;48;2;99;116;153m┏[38;2;117;132;171;48;2;129;146;187m▍[38;2;130;146;186;48;2;128;150;192m▃[38;2;128;150;192;48;2;129;150;192m┭[38;2;126;147;190;48;2;88;106;143m▆[38;2;129;150;194;48;2;128;151;194m┈[38;2;27;40;73;48;2;115;135;173m╻[38;2;111;128;167;48;2;82;99;133m▖[38;2;91;108;142;48;2;126;149;191m▎[38;2;128;152;194;48;2;122;146;190m▄[38;2;121;142;185;48;2;81;98;133m▖[38;2;89;106;141;48;2;120;143;183m▌[38;2;125;147;191;48;2;126;149;193m▗[0m
     [38;2;67;78;112m▗[38;2;81;92;123;48;2;69;81;114m━[38;2;81;92;124;48;2;81;93;124m▊[38;2;74;83;114;48;2;45;54;88m▋[38;2;54;69;113;48;2;47;60;98m▝[38;2;38;49;86;48;2;54;70;113m╺[38;2;58;75;123;48;2;24;38;74m▋[38;2;8;21;57;48;2;64;75;116m▖[38;2;74;85;130;48;2;72;84;130m╷[38;2;70;85;130;48;2;61;78;127m▄[38;2;19;33;72;48;2;62;77;117m▘[38;2;42;58;108;48;2;76;87;117m▂[38;2;35;48;80;48;2;68;82;122m╱[38;2;77;94;141;48;2;63;79;125m━[38;2;76;93;141;48;2;45;53;87m▄[38;2;85;102;149;48;2;56;65;102m▂[38;2;38;50;81;48;2;73;88;131m╶[38;2;30;45;78;48;2;84;101;144m╼[38;2;81;97;137;48;2;114;131;172m▍[38;2;118;135;176;48;2;125;141;181m▅[38;2;121;138;178;48;2;130;145;185m▖[38;2;130;146;186;48;2;129;146;187m▇[48;2;130;148;190m▆[48;2;130;148;189m▄[38;2;3;16;49;48;2;101;117;153m│[38;2;118;134;173;48;2;75;87;122m▋[38;2;72;84;117;48;2;113;132;172m▍[38;2;93;109;144;48;2;126;146;185m▖[38;2;129;149;190;48;2;116;131;170m▘[38;2;79;90;124;48;2;111;126;165m┛[38;2;121;137;177;48;2;125;144;185m▅[0m
     [38;2;4;11;27;48;2;68;80;111m▋[38;2;80;92;123;48;2;81;91;123m╃[38;2;82;92;123;48;2;71;82;113m╴[0m[7m[38;2;12;19;43m▗[38;2;43;48;78m▅[38;2;52;65;103m▄[38;2;35;51;89m▅[38;2;24;39;76m▌[0m[38;2;56;74;119;48;2;62;81;130m╳[38;2;62;80;131m╎[38;2;63;82;130;48;2;64;83;131m▇[38;2;64;82;129m▂[38;2;66;85;133;48;2;68;86;134m▋[38;2;71;87;136;48;2;70;88;136m╵[38;2;74;91;139;48;2;77;95;141m▌[38;2;87;105;150;48;2;81;99;145m▝[38;2;99;116;159;48;2;90;108;152m▝[38;2;93;111;154;48;2;103;121;163m▃[38;2;96;114;157;48;2;107;124;166m▃[38;2;100;117;160;48;2;110;127;169m▄[38;2;100;118;160;48;2;111;128;170m▃[38;2;105;123;165;48;2;126;142;182m▅[38;2;105;123;164;48;2;130;146;185m▄[38;2;57;73;107;48;2;122;138;178m▗[38;2;51;65;102;48;2;113;128;166m┛[38;2;117;133;174;48;2;106;123;166m▍[38;2;100;116;159;48;2;103;121;163m▄[38;2;52;67;103;48;2;94;110;153m▌[38;2;98;115;157;48;2;114;129;171m▄[38;2;100;118;159;48;2;114;131;172m▃[38;2;98;115;157;48;2;113;130;170m▄[0m
     [38;2;19;30;59m▝[7m[38;2;79;88;116m▃[38;2;41;50;79m▂[0m[38;2;34;42;59m▘   [0m [38;2;3;11;33;48;2;46;64;105m▖[38;2;65;82;130;48;2;62;81;130m▁[38;2;62;80;130;48;2;61;81;129m╻[38;2;61;81;130;48;2;62;81;129m╺[38;2;65;84;132;48;2;63;82;130m▝[38;2;64;83;132;48;2;67;86;134m▄[38;2;67;86;133;48;2;71;89;136m▄[38;2;69;88;135;48;2;76;93;140m▄[38;2;73;90;137;48;2;81;99;145m▅[38;2;74;91;138;48;2;83;101;146m▄[38;2;77;94;141;48;2;88;105;150m▅[38;2;77;94;140;48;2;88;105;149m▄[38;2;80;97;143;48;2;91;108;152m▅[38;2;78;95;141;48;2;90;108;152m▄[38;2;62;78;121;48;2;92;109;151m▅[38;2;118;134;176;48;2;71;86;128m▄[38;2;129;144;184;48;2;123;139;179m▋[38;2;114;130;170;48;2;103;120;161m▌[38;2;95;111;154;48;2;97;113;157m▅[38;2;28;43;79;48;2;70;88;134m▋[38;2;68;86;133;48;2;81;99;144m▄[38;2;69;86;133;48;2;85;101;146m▄[38;2;66;83;129;48;2;81;97;142m▄[0m
             [7m[38;2;4;16;48m▉[0m[38;2;18;29;62;48;2;62;71;112m▄[38;2;78;86;127;48;2;62;81;130m▅[38;2;74;85;129;48;2;62;81;129m▂[38;2;62;80;130;48;2;62;81;130m┡[38;2;62;81;130;48;2;63;82;129m▇[48;2;64;83;130m▄[38;2;63;82;130;48;2;66;84;131m▆[38;2;64;83;131;48;2;67;86;134m▆▄[38;2;66;85;133;48;2;71;88;137m▇[48;2;70;88;136m▅[38;2;41;56;94;48;2;76;93;136m▁[38;2;126;142;183;48;2;67;84;131m▃[38;2;80;97;144;48;2;123;139;180m▘[38;2;130;146;186;48;2;128;145;185m▌[38;2;125;141;181;48;2;115;132;174m▌[38;2;104;122;164;48;2;95;113;156m▌[38;2;20;34;68;48;2;82;99;140m▗[38;2;21;35;76;48;2;59;75;123m▋[38;2;66;74;115;48;2;60;76;124m▂[38;2;61;74;116;48;2;51;64;104m╌[0m[7m[38;2;57;71;111m▃[0m
              [7m[38;2;41;54;86m▄[0m[38;2;48;63;108;48;2;70;82;120m┕[38;2;53;65;108;48;2;92;91;128m▄[38;2;79;80;113;48;2;79;87;130m▄[38;2;90;91;130;48;2;65;82;130m▄[38;2;85;90;130;48;2;64;82;130m▂[38;2;75;86;130;48;2;63;81;130m▂[38;2;69;85;130;48;2;63;82;130m▂[38;2;70;85;133;48;2;64;82;130m▁[38;2;73;87;132;48;2;64;83;132m▂[38;2;78;89;133;48;2;66;84;132m▂[38;2;67;83;128;48;2;34;50;91m▉[38;2;108;123;158;48;2;14;27;59m▝[38;2;94;108;141;48;2;130;146;185m▄[38;2;49;65;103;48;2;126;142;181m▃[38;2;71;87;127;48;2;108;125;166m▃[38;2;67;81;116;48;2;88;105;150m▂[38;2;58;75;115;48;2;10;18;42m▎[0m[7m[38;2;60;67;101m▆[38;2;29;38;65m▇[0m  [0m
               [38;2;98;113;146;48;2;10;16;32m▝[38;2;96;109;142;48;2;82;97;136m▃[38;2;76;92;133;48;2;31;43;84m▅[38;2;54;70;114;48;2;42;52;88m┓[38;2;12;24;59;48;2;85;84;114m▅[0m[7m[38;2;88;87;119m▄[38;2;93;93;129m▄[38;2;91;92;129m▄[38;2;90;93;132m▅[38;2;84;89;125m▆[38;2;15;25;53m▆[0m [38;2;13;25;54;48;2;59;71;101m╴[38;2;86;99;134;48;2;72;84;119m▘[38;2;56;68;102;48;2;67;81;119m▄[38;2;58;71;109;48;2;26;37;67m▘[0m     [0m
               [7m[38;2;17;29;64m▊[0m[38;2;70;81;107;48;2;78;89;121m▁[38;2;70;81;114;48;2;75;86;119m▄[38;2;66;78;113;48;2;35;46;78m▏[0m[38;2;19;32;63m▘       [7m[38;2;70;82;114m▋[0m[38;2;73;85;117;48;2;60;72;104m▘[38;2;57;69;101;48;2;53;63;98m▌[38;2;50;61;95;48;2;21;32;64m▎[0m     [0m
               [7m[38;2;52;59;86m▃[38;2;43;52;81m▃[38;2;67;78;110m▄[0m[38;2;58;70;103m▘        [7m[38;2;31;41;70m▃[38;2;56;63;87m▂[0m[38;2;71;78;106;48;2;21;29;53m┗[0m[7m[38;2;35;45;75m▃[0m     [0m
