[?25l[0m [38;2;0;0;0m                                                             [0m
 [38;2;0;0;0m                                                             [0m
 [38;2;0;0;0m                                                             [0m
 [38;2;0;0;0m                                                             [0m
 [38;2;0;0;0m                                                             [0m
 [38;2;0;0;0m                  [38;2;15;14;48m▂[38;2;78;112;174;48;2;16;15;48m▂[38;2;98;155;204;48;2;25;23;73m▄[38;2;104;164;219;48;2;14;12;51m▅[38;2;106;173;227;48;2;16;13;54m▅[0m[38;2;74;114;166m▇[38;2;53;73;119m▇[38;2;84;134;181;48;2;23;18;70m▄[38;2;94;122;171;48;2;16;14;55m▃[0m[38;2;80;73;131m▂[38;2;29;16;72m▁[0m [38;2;0;0;0m                               [0m
 [38;2;0;0;0m                 [0m [38;2;20;17;58;48;2;91;130;188m▘[38;2;91;138;181;48;2;98;149;200m╷[38;2;100;150;203;48;2;79;105;160m▇[38;2;103;158;210;48;2;103;158;211m▂[38;2;103;158;211;48;2;103;159;211m▇[38;2;106;138;182;48;2;59;88;134m▇[38;2;119;99;115;48;2;102;126;170m▋[38;2;59;40;83;48;2;120;112;116m▘[38;2;113;96;100;48;2;126;145;149m▆[38;2;122;112;112;48;2;125;140;152m▆[38;2;123;124;131;48;2;105;73;131m▇[38;2;121;127;140;48;2;51;33;88m▆[0m[38;2;105;99;124m▆[38;2;97;87;113m▅[38;2;77;68;103m▃[0m [38;2;0;0;0m                           [0m
 [38;2;0;0;0m                [0m [38;2;18;16;59;48;2;83;117;172m▘[38;2;104;157;211;48;2;104;158;211m┈[38;2;67;109;138;48;2;103;159;209m▁[38;2;104;159;211;48;2;102;156;208m╴[38;2;104;168;219;48;2;103;158;211m▁[38;2;103;167;218m▖[38;2;96;69;117;48;2;113;141;171m╺[38;2;35;32;77;48;2;116;128;160m━[38;2;50;50;97;48;2;107;115;136m▅[38;2;115;88;101;48;2;83;74;96m╵[38;2;64;60;75;48;2;94;85;95m╷[38;2;37;33;78;48;2;120;107;104m▁[38;2;123;107;105m┈[38;2;117;108;103;48;2;122;123;129m▅[38;2;114;87;100;48;2;114;100;101m╵[38;2;57;85;84;48;2;119;117;125m▁[0m[38;2;30;30;68m▍                           [0m
 [38;2;0;0;0m               [38;2;21;20;61m▗[38;2;82;117;168;48;2;41;42;93m▆[38;2;100;151;206;48;2;103;157;210m▁[38;2;104;158;210;48;2;97;147;199m┊[38;2;94;132;194;48;2;67;91;140m▅[38;2;64;91;139;48;2;93;137;191m▂[38;2;99;155;195;48;2;102;156;206m╴[38;2;104;164;213;48;2;101;159;208m┊[38;2;103;159;211;48;2;118;154;188m▇[38;2;104;159;211;48;2;104;158;210m┈[38;2;103;159;211;48;2;102;151;206m┈[38;2;101;150;206;48;2;75;70;120m▅[38;2;100;141;202;48;2;78;61;108m▂[38;2;107;84;117;48;2;39;35;69m▆[38;2;125;99;131;48;2;38;32;67m▅[0m[38;2;113;95;139m▃[7m[38;2;45;32;78m▇[0m [38;2;46;35;47m                            [0m
 [38;2;0;0;0m               [7m[38;2;53;73;119m▌[0m[38;2;37;50;97;48;2;100;154;202m▖[38;2;101;153;207;48;2;97;144;202m▎[38;2;98;144;201;48;2;95;139;198m▏[38;2;94;138;197;48;2;95;138;198m┈[38;2;133;117;123;48;2;101;132;186m▗[38;2;57;52;96;48;2;119;115;137m▝[38;2;95;140;200;48;2;111;131;168m╴[38;2;92;64;95;48;2;115;129;154m┏[38;2;75;75;109;48;2;118;132;161m━[38;2;141;121;119;48;2;103;154;204m▄[38;2;146;109;107;48;2;99;156;201m▄[38;2;58;54;86;48;2;103;159;208m▄[38;2;12;11;38;48;2;74;78;112m▁[38;2;91;82;95;48;2;129;107;133m▇[38;2;53;53;87;48;2;105;90;104m╵[38;2;23;18;52;48;2;94;77;109m▝[0m[38;2;18;14;44m▖                            [0m
 [38;2;0;0;0m               [7m[38;2;23;21;48m▉[0m[38;2;28;34;85;48;2;106;163;212m▌[38;2;56;87;123;48;2;97;146;197m╶[38;2;95;138;196;48;2;94;133;187m╴[38;2;128;118;134;48;2;99;135;188m╱[38;2;113;128;163;48;2;135;113;117m▘[38;2;145;104;98;48;2;140;111;110m╺[38;2;140;114;112;48;2;139;111;111m┊[38;2;134;103;105;48;2;141;112;111m╱[38;2;102;89;96;48;2;144;114;108m▁[38;2;13;13;40;48;2;112;93;98m▗[0m[7m[38;2;87;73;85m▂[38;2;16;17;52m▆[0m  [7m[38;2;25;32;61m▆[38;2;54;65;84m▆[0m [38;2;0;0;0m                            [0m
 [38;2;0;0;0m                [38;2;17;15;59;48;2;98;151;197m▌[38;2;95;137;197;48;2;103;158;210m▗[38;2;59;86;130;48;2;87;125;182m┌[38;2;98;132;187;48;2;128;117;131m▋[38;2;136;112;113;48;2;136;110;114m┊[38;2;130;99;106;48;2;137;110;111m╸[38;2;103;90;99;48;2;138;113;112m▁[38;2;138;113;111;48;2;146;121;116m╴[38;2;109;148;190;48;2;69;63;98m▃[38;2;97;150;206;48;2;19;18;74m▆[0m[38;2;86;130;184m▆[38;2;96;154;205m▅[38;2;42;55;99m▅[0m [38;2;0;0;0m                               [0m
 [38;2;0;0;0m               [0m [7m[38;2;85;123;173m▘[0m[38;2;102;157;209;48;2;93;134;194m▘[38;2;93;133;194;48;2;95;124;194m▇[38;2;132;111;118;48;2;98;130;186m▝[38;2;98;132;187;48;2;133;112;117m▎[38;2;141;123;129;48;2;135;113;118m╷[38;2;143;126;125;48;2;135;94;113m▇[38;2;105;167;218;48;2;138;138;146m▗[38;2;104;172;221;48;2;104;171;221m┈[38;2;105;173;222m┊[38;2;81;132;169;48;2;104;171;223m▁[38;2;107;176;228;48;2;105;173;224m┊[38;2;98;159;209;48;2;78;99;170m▇[38;2;97;150;207;48;2;12;11;37m▇[0m[38;2;75;112;164m▅[38;2;58;59;131m▂[38;2;19;16;63m▁[38;2;17;15;49m▁[0m  [38;2;14;13;39m▁[38;2;24;21;70m▂[38;2;47;58;106m▃[38;2;17;15;59m▃[0m [38;2;0;0;0m                    [0m
 [38;2;0;0;0m               [7m[38;2;20;20;70m▌[0m[38;2;24;31;78;48;2;99;149;200m▎[38;2;94;137;195;48;2;92;133;192m┈[38;2;93;132;194;48;2;93;133;194m▋[38;2;108;125;165;48;2;97;131;188m╸[38;2;105;150;201;48;2;118;122;153m▄[38;2;110;144;189;48;2;126;130;151m▃[38;2;103;152;207;48;2;86;90;123m▄[38;2;72;108;144;48;2;95;144;192m╴[38;2;104;167;218;48;2;104;168;219m▄[38;2;104;170;220;48;2;105;169;220m┊[38;2;94;138;196;48;2;102;162;214m╵[38;2;105;173;223;48;2;104;171;221m┊[38;2;105;173;224;48;2;104;174;224m╴[38;2;105;175;225;48;2;103;171;220m┈[38;2;56;74;122;48;2;102;170;218m╴[38;2;104;177;227;48;2;106;181;229m▁[38;2;104;178;228;48;2;100;118;204m▇[38;2;102;166;221;48;2;32;35;91m▇[38;2;97;157;209;48;2;18;16;71m▇[38;2;104;172;226;48;2;18;15;68m▇[38;2;97;165;212;48;2;29;14;81m▇[38;2;101;173;221;48;2;80;87;166m▇[38;2;103;178;226;48;2;83;89;173m▇[38;2;104;176;228;48;2;57;48;129m▇[38;2;99;162;217;48;2;20;17;54m▅[0m[38;2;72;100;162m▄[38;2;26;23;73m▂[0m [38;2;0;0;0m                 [0m
 [38;2;0;0;0m               [7m[38;2;14;13;46m▌[0m[38;2;40;51;104;48;2;85;126;180m▌[38;2;92;132;194;48;2;88;125;185m╴[38;2;89;126;187;48;2;92;132;193m▁[38;2;83;112;171;48;2;91;132;190m╷[38;2;94;137;196;48;2;103;157;209m▃[38;2;94;139;197;48;2;102;156;208m▄[38;2;53;76;118;48;2;93;141;189m╱[38;2;103;157;210;48;2;101;151;205m┊[38;2;103;165;216;48;2;97;154;203m╴[38;2;103;165;217;48;2;104;167;218m▄[38;2;104;167;219;48;2;104;168;220m▇[38;2;55;88;126;48;2;99;159;206m▗[38;2;104;168;217;48;2;100;159;208m┊[38;2;103;157;210;48;2;104;172;222m▂[38;2;100;169;217;48;2;104;173;222m┊[38;2;103;170;218;48;2;104;175;225m▁[38;2;109;187;233;48;2;105;178;227m╺[38;2;107;184;231;48;2;105;179;228m╻[38;2;75;114;156;48;2;99;168;212m▗[38;2;106;182;230;48;2;104;180;228m┈[38;2;104;180;230;48;2;107;157;226m▇[38;2;105;182;230;48;2;104;181;230m┊[38;2;103;181;230m┍[38;2;104;181;230;48;2;106;189;233m▇[38;2;107;188;234;48;2;105;181;230m▘[38;2;104;181;230;48;2;103;175;222m╴[38;2;105;177;227;48;2;73;94;162m▇[38;2;96;152;205;48;2;14;10;41m▆[0m[38;2;93;142;201m▃[38;2;51;51;114m▁[0m [38;2;0;0;0m              [0m
 [38;2;0;0;0m        [38;2;13;12;42m▗[38;2;56;30;90m▁[38;2;114;103;117;48;2;14;10;38m▗[0m[38;2;51;37;89m▂[38;2;16;15;59m▃[38;2;19;17;74m▁[38;2;18;17;73m▁[38;2;89;125;182;48;2;28;29;79m▗[38;2;78;116;164;48;2;95;141;194m┊[38;2;41;55;104;48;2;89;127;186m▗[38;2;66;96;148;48;2;87;123;183m▏[38;2;78;106;162;48;2;88;125;184m╷[38;2;94;134;195;48;2;91;131;189m┊[38;2;83;64;96;48;2;88;130;185m▂[38;2;92;122;185;48;2;52;69;114m╲[38;2;39;65;98;48;2;88;127;180m┅[38;2;88;122;180;48;2;100;155;205m╴[38;2;97;128;198;48;2;100;159;207m╸[38;2;103;165;216;48;2;103;163;215m╴[38;2;104;164;211;48;2;42;57;104m▌[38;2;107;164;213;48;2;103;156;209m▏[38;2;65;98;141;48;2;102;156;208m▗[38;2;65;94;141;48;2;98;151;202m▎[38;2;102;156;209;48;2;102;157;210m╴[38;2;89;139;180;48;2;100;157;207m┈[38;2;103;176;224;48;2;104;174;222m┈[38;2;104;178;227;48;2;103;173;222m┊[38;2;50;75;117;48;2;97;158;202m▋[38;2;102;163;213;48;2;104;179;228m▅[38;2;97;148;202;48;2;104;176;225m▃[38;2;97;145;201;48;2;104;176;223m▅[38;2;96;143;199;48;2;105;175;223m▄[38;2;71;89;154;48;2;112;163;197m▁[38;2;114;179;218;48;2;105;168;214m╴[38;2;134;154;173;48;2;123;165;194m╶[38;2;114;96;130;48;2;123;155;179m▁[38;2;140;153;164;48;2;108;177;221m▄[38;2;113;171;211;48;2;117;160;199m╴[38;2;113;142;176;48;2;27;23;67m▆[0m[38;2;95;105;155m▂[38;2;36;37;73m▁            [0m
 [38;2;0;0;0m        [0m [38;2;134;119;127;48;2;51;42;80m┕[38;2;135;138;152;48;2;57;51;86m╴[38;2;84;78;95;48;2;121;104;107m▎[38;2;109;95;110;48;2;19;16;73m▇[38;2;95;143;189;48;2;58;16;125m▇[38;2;103;160;212;48;2;73;27;149m▇[38;2;102;158;209;48;2;102;156;210m┊[38;2;100;153;207;48;2;92;124;184m▇[38;2;92;136;192;48;2;44;58;109m▋[38;2;86;126;179;48;2;27;33;85m▝[38;2;92;130;193;48;2;92;131;192m┈[38;2;70;75;105;48;2;88;117;181m╺[38;2;67;64;89;48;2;79;102;166m━[38;2;64;57;111;48;2;121;114;123m▘[38;2;142;128;126;48;2;114;149;184m▖[38;2;148;123;110;48;2;108;154;197m▁[38;2;134;123;124;48;2;110;154;195m▃[38;2;103;96;101;48;2;133;139;151m╻[38;2;137;127;127;48;2;51;73;115m▋[38;2;57;87;125;48;2;100;153;205m▏[38;2;66;79;142;48;2;94;139;191m╷[38;2;94;135;196;48;2;101;155;208m▎[38;2;101;154;208;48;2;102;155;208m▂[38;2;103;163;215;48;2;102;156;209m▗[38;2;101;154;204;48;2;56;78;124m▊[38;2;79;129;164;48;2;104;168;216m▏[38;2;30;39;85;48;2;93;134;193m▍[38;2;91;134;191;48;2;89;128;187m┈[38;2;95;142;193;48;2;91;128;190m╴[38;2;92;133;193;48;2;89;127;186m╴[38;2;87;122;181;48;2;91;130;189m╹[38;2;37;59;100;48;2;92;134;191m▂[38;2;26;33;81;48;2;93;137;193m▃[38;2;70;109;148;48;2;92;123;173m▁[38;2;77;97;153;48;2;113;141;180m╸[38;2;98;99;113;48;2;130;128;139m┒[38;2;57;49;85;48;2;131;132;139m┓[38;2;150;137;131;48;2;142;150;160m▃[38;2;109;93;104;48;2;136;138;148m▂[38;2;117;98;115;48;2;22;22;44m▄[0m[38;2;13;10;39m▖           [0m
 [38;2;0;0;0m       [0m [7m[38;2;86;58;76m▄[38;2;107;78;85m▄[0m[38;2;21;18;64;48;2;87;58;85m┛[38;2;132;90;90;48;2;91;69;93m▁[38;2;100;131;178;48;2;105;87;100m╺[38;2;131;108;114;48;2;97;132;188m▂[38;2;120;89;95;48;2;104;131;174m▂[38;2;124;86;94;48;2;99;127;175m▃[38;2;98;67;84;48;2;115;105;126m╻[38;2;139;114;118;48;2;88;76;100m┊[0m[7m[38;2;13;11;41m╋[0m[38;2;17;15;57;48;2;44;61;112m╴[38;2;61;93;139;48;2;90;129;190m▖[38;2;49;51;91;48;2;85;118;178m━[38;2;52;37;80;48;2;125;105;110m┛[38;2;149;120;110;48;2;154;118;103m╱[38;2;92;97;126;48;2;129;128;140m╻[38;2;90;84;103;48;2;136;116;118m╱[38;2;67;55;85;48;2;138;115;109m╿[38;2;61;61;113;48;2;96;106;142m╱[38;2;97;148;203;48;2;95;140;197m┈[38;2;63;99;133;48;2;92;136;188m╴[38;2;92;128;192;48;2;100;152;207m▏[38;2;100;151;207;48;2;100;153;207m▃[38;2;100;153;207;48;2;100;158;210m▇[38;2;69;104;141;48;2;99;149;201m╹[38;2;103;153;206;48;2;106;162;211m▋[38;2;66;94;146;48;2;30;35;88m▝[38;2;31;50;90;48;2;79;109;169m▂[0m[7m[38;2;69;99;154m▁[38;2;52;75;122m▂[38;2;38;62;97m▆[38;2;17;15;59m▆[0m [7m[38;2;17;19;64m▄[38;2;44;73;104m▆[38;2;53;53;91m▗[0m[38;2;20;15;41;48;2;83;70;92m▖[38;2;42;41;84;48;2;131;103;99m▚[38;2;53;53;77;48;2;145;123;112m▖[38;2;67;43;83;48;2;99;86;95m╴[38;2;86;69;89;48;2;13;12;41m▉[0m [38;2;12;11;36m          [0m
 [38;2;0;0;0m         [38;2;40;27;51m▝[7m[38;2;106;79;81m▄[0m[38;2;19;19;70;48;2;109;72;82m▁[38;2;142;96;85;48;2;114;80;82m┈[0m[7m[38;2;93;69;81m▃[0m[38;2;144;98;88;48;2;113;78;83m┊[0m[7m[38;2;106;77;82m▃[38;2;78;58;74m▅[38;2;12;14;44m▇[38;2;19;17;71m▋[0m[38;2;46;36;80;48;2;127;111;128m▏[38;2;68;54;108;48;2;106;104;135m▘[38;2;90;128;190;48;2;89;115;171m┊[38;2;44;44;88;48;2;104;106;137m┃[38;2;65;55;84;48;2;107;100;125m╺[38;2;140;114;109;48;2;110;92;104m▇[38;2;28;28;75;48;2;109;101;123m┖[38;2;63;72;137;48;2;88;105;161m┛[38;2;88;122;188;48;2;82;111;174m╴[38;2;70;98;151;48;2;86;122;183m▏[38;2;30;39;86;48;2;90;130;188m▍[38;2;72;105;148;48;2;92;136;191m╶[38;2;100;147;197;48;2;100;150;204m▁[38;2;106;146;191;48;2;101;149;202m▂[38;2;112;143;181;48;2;105;148;197m▃[38;2;120;146;177;48;2;110;157;200m▅[0m[38;2;47;50;93m▊[7m[38;2;18;16;66m▆[38;2;16;14;48m▇[0m[38;2;0;0;1m      [0m  [7m[38;2;62;52;73m▆[0m [7m[38;2;72;64;78m▅[38;2;63;56;67m▇[0m [38;2;0;0;0m          [0m
 [38;2;0;0;0m           [0m  [38;2;0;0;0m [0m [38;2;0;0;0m   [38;2;12;11;41m▝[7m[38;2;92;81;93m▃[0m[38;2;54;47;73;48;2;131;102;100m▂[38;2;100;68;93;48;2;135;103;104m╵[38;2;56;44;82;48;2;81;113;175m▆[38;2;19;19;74;48;2;72;102;156m▅[38;2;22;27;80;48;2;71;94;151m▄[38;2;24;30;81;48;2;76;104;165m▂[38;2;30;40;92;48;2;81;110;175m▃[38;2;44;49;112;48;2;82;116;176m▄[38;2;24;27;80;48;2;83;117;178m▃[38;2;64;90;140;48;2;22;22;77m▝[38;2;83;101;149;48;2;96;109;157m╶[38;2;99;120;169;48;2;93;108;157m┊[38;2;131;119;129;48;2;117;136;167m▄[38;2;82;90;121;48;2;130;130;145m╹[38;2;140;123;124;48;2;131;137;150m▅[38;2;88;77;120;48;2;143;140;147m▝[0m[38;2;60;54;85m▄                        [0m
 [38;2;0;0;0m               [38;2;115;89;114m▗[38;2;95;83;106m▆[38;2;107;96;120m▆[38;2;92;69;94m▄[38;2;59;38;74m▂[38;2;16;15;61m▝[7m[38;2;73;58;75m▖[0m[38;2;148;104;89;48;2;77;53;80m╲[38;2;135;85;85;48;2;50;30;78m▄[38;2;87;50;82;48;2;20;17;74m▖[38;2;19;17;74;48;2;14;13;47m▉[0m[7m[38;2;18;16;71m▅[38;2;19;20;69m▃[38;2;22;21;75m▂[38;2;19;17;74m▃[38;2;52;44;73m▃[38;2;102;86;104m▃[0m[38;2;67;53;71;48;2;137;108;106m▂[38;2;150;111;96;48;2;146;115;106m▄[38;2;150;112;97;48;2;146;117;110m▅[38;2;112;77;88;48;2;143;111;101m╶[0m[38;2;113;91;100m▊[0m [38;2;10;9;35m                       [0m
 [38;2;0;0;0m             [0m [38;2;77;53;80m▗[38;2;23;23;44;48;2;91;74;94m▘[0m[38;2;89;64;87m▅[38;2;37;23;59;48;2;90;67;86m▘[38;2;61;43;81;48;2;98;75;89m┘[38;2;78;65;84;48;2;100;76;91m╶[38;2;103;82;91;48;2;81;31;85m▇[38;2;21;37;73;48;2;105;78;92m▁[38;2;18;25;74;48;2;103;76;89m▁[38;2;18;30;73;48;2;108;76;85m▁[38;2;27;44;74;48;2;115;76;84m▁[38;2;118;79;83;48;2;34;23;74m▖[0m[38;2;17;15;61m▌     [0m [7m[38;2;98;77;78m▅[0m[38;2;56;46;74;48;2;142;103;89m▃[38;2;67;47;78;48;2;144;105;90m╻[38;2;61;46;78;48;2;103;76;88m▝[0m[38;2;23;19;60m▍                       [0m
 [38;2;0;0;0m             [38;2;29;29;51m▝[7m[38;2;58;49;74m▉[38;2;75;60;85m▂[38;2;75;56;81m▁[38;2;75;60;81m▃[38;2;73;60;79m▄[38;2;65;57;80m▅[38;2;21;22;70m▇[38;2;15;13;42m▇[0m  [7m[38;2;16;14;44m▇[38;2;14;13;40m▆[0m [38;2;0;0;0m      [38;2;79;53;86m▁[38;2;39;24;55m▂[7m[38;2;82;67;86m▖[0m[38;2;112;97;106;48;2;116;104;130m▆[0m[7m[38;2;86;78;108m▝[0m [38;2;0;0;0m                      [0m
 [38;2;0;0;0m              [0m  [38;2;0;0;0m                [0m [38;2;154;129;135;48;2;116;108;122m╴[38;2;55;49;77;48;2;149;138;152m▖[38;2;116;93;107;48;2;32;27;52m▅[38;2;68;52;84;48;2;106;92;102m▖[38;2;113;97;102;48;2;112;106;133m▆[0m[7m[38;2;76;66;98m▝[0m [38;2;7;6;23m                     [0m
 [38;2;0;0;0m                                [0m [38;2;79;77;101m▘[38;2;86;62;86m▝[38;2;52;46;65;48;2;107;85;93m▖[38;2;113;95;104;48;2;84;65;89m▚[38;2;63;84;95;48;2;114;99;111m▁[38;2;57;49;81;48;2;104;89;98m┒[0m[38;2;95;79;99m▇[38;2;160;137;170;48;2;31;27;47m▂[0m [38;2;18;8;33m                   [0m
 [38;2;0;0;0m                                   [7m[38;2;34;32;50m▇[38;2;49;46;73m▄[38;2;113;105;125m▃[38;2;62;54;75m▗[38;2;44;42;78m▅[38;2;121;139;126m▆[0m[38;2;71;75;96m▘                   [0m
 [38;2;0;0;0m                                                             [0m
 [38;2;0;0;0m                                                             [0m
 [38;2;0;0;0m                                                             [0m
 [38;2;0;0;0m                                                             [0m
 [38;2;0;0;0m                                                             [0m
[?25h