[?25l[0m [38;2;0;0;0m                                                             [0m
 [38;2;0;0;0m                                                             [0m
 [38;2;0;0;0m                                                             [0m
 [38;2;0;0;0m                                                             [0m
 [38;2;0;0;0m                                                             [0m
 [38;2;0;0;0m                                                             [0m
 [38;2;0;0;0m                                              [38;2;15;14;48m▁[0m [38;2;22;16;50m▂[38;2;59;46;78m▁[38;2;119;99;99m▄[38;2;86;60;78m▋         [0m
 [38;2;0;0;0m                                         [0m [38;2;13;12;38m▂[0m [38;2;75;97;145m▃[38;2;117;135;169;48;2;16;13;47m▄[38;2;147;136;140;48;2;34;26;64m▅[38;2;154;131;127;48;2;87;68;96m▄[38;2;155;131;119;48;2;51;38;79m▅[38;2;46;43;74;48;2;143;119;111m▂[38;2;37;27;58;48;2;127;107;104m▅[0m [38;2;14;12;34m         [0m
 [38;2;0;0;0m                                     [0m [38;2;19;18;49m▂[38;2;65;93;147m▁[38;2;77;120;171m▄[38;2;103;172;221;48;2;27;29;74m▄[38;2;114;159;196;48;2;32;33;88m▆[38;2;138;151;165;48;2;105;96;135m▇[38;2;139;131;139;48;2;125;150;173m╷[38;2;93;125;141;48;2;134;133;144m┌[38;2;64;56;92;48;2;136;129;132m╾[38;2;90;66;92;48;2;144;121;113m╸[38;2;154;126;114;48;2;80;65;89m▅[0m[7m[38;2;114;90;96m▗[0m[38;2;80;61;74m▘          [0m
 [38;2;0;0;0m                                   [0m [38;2;54;83;125m▂[7m[38;2;88;152;192m▘[0m[38;2;103;176;225;48;2;62;79;135m▆[38;2;102;177;225;48;2;103;174;222m┊[38;2;102;171;223;48;2;109;170;213m╴[38;2;138;148;162;48;2;117;166;200m▅[38;2;151;156;161;48;2;122;140;162m┈[38;2;72;83;94;48;2;134;130;143m╶[38;2;125;115;102;48;2;139;122;126m┈[38;2;50;53;78;48;2;142;119;124m─[38;2;30;40;75;48;2;142;114;118m━[0m[7m[38;2;94;78;93m▗[38;2;73;66;78m▆[0m [38;2;0;0;0m           [0m
 [38;2;0;0;0m                                 [0m [38;2;62;106;146m▗[38;2;87;152;191;48;2;25;30;66m▆[38;2;104;179;228;48;2;102;178;224m┊[38;2;103;177;225;48;2;105;186;230m▆[38;2;121;163;196;48;2;104;174;220m▗[38;2;142;148;157;48;2;107;181;224m▄[38;2;96;98;123;48;2;139;152;166m▁[38;2;19;24;68;48;2;125;151;170m▁[38;2;33;17;75;48;2;127;144;156m▂[38;2;49;60;115;48;2;142;137;134m▃[38;2;16;15;53;48;2;87;81;94m╷[0m[7m[38;2;105;99;103m▄[38;2;68;66;79m▆[0m [38;2;0;0;0m             [0m
 [38;2;0;0;0m            [0m [38;2;19;17;66m▁[0m [38;2;0;0;0m                 [38;2;58;73;132m▗[38;2;98;173;214;48;2;28;41;76m▗[38;2;98;169;214;48;2;76;132;170m▇[38;2;102;174;222;48;2;74;131;167m▇[38;2;103;175;224;48;2;104;179;225m┈[38;2;121;162;194;48;2;106;172;216m┌[38;2;137;151;166;48;2;110;166;206m▝[38;2;77;66;140;48;2;117;152;186m╶[38;2;56;68;122;48;2;113;126;163m╺[38;2;71;76;151;48;2;102;117;159m╸[38;2;12;11;40;48;2;59;66;115m▁[0m[7m[38;2;27;33;79m▅[38;2;18;16;61m▇[0m [38;2;0;0;0m               [0m
 [38;2;0;0;0m        [0m [38;2;79;113;173m▃[38;2;76;119;170m▅[38;2;99;166;215;48;2;15;12;42m▅[38;2;96;159;208;48;2;16;14;56m▆[38;2;100;176;218;48;2;43;16;105m▆[38;2;100;174;220;48;2;40;32;97m▄[0m[38;2;73;97;162m▄[38;2;22;15;56m▖    [0m [38;2;20;16;64m▁[38;2;34;40;82m▂[38;2;16;14;52m▃[38;2;74;78;156m▁[38;2;31;29;87m▃[38;2;50;47;122m▂[38;2;33;19;81m▂[0m  [38;2;46;73;118m▁[38;2;24;33;73;48;2;97;169;211m▘[38;2;102;178;225;48;2;102;176;224m╴[38;2;103;176;224;48;2;95;163;208m╴[38;2;102;173;221;48;2;102;175;223m▗[38;2;127;159;185;48;2;104;172;219m▁[38;2;85;89;136;48;2;104;151;190m╷[38;2;88;100;180;48;2;100;134;175m╸[38;2;88;115;155;48;2;92;127;177m╵[38;2;95;139;196;48;2;93;137;194m┊[0m[7m[38;2;55;65;126m▗[0m [38;2;0;0;0m                  [0m
 [38;2;0;0;0m      [38;2;40;26;56m▁[38;2;75;90;119;48;2;16;16;47m▅[38;2;20;24;71;48;2;89;104;151m╺[38;2;73;88;118;48;2;95;163;196m▇[38;2;80;103;163;48;2;95;152;194m┑[38;2;99;150;203;48;2;99;151;204m┈[38;2;99;151;203;48;2;101;169;213m▆[38;2;101;172;218;48;2;94;111;203m▇[38;2;107;184;236;48;2;103;180;227m╴[38;2;101;178;226;48;2;100;170;220m┈[0m[7m[38;2;87;129;194m▝[0m[38;2;83;103;183m▂[38;2;21;15;59m▂[38;2;16;15;52m▂[38;2;55;81;131m▂[38;2;90;156;201;48;2;28;35;80m▅[38;2;96;158;210;48;2;60;80;133m▆[38;2;99;169;215;48;2;56;84;125m▇[38;2;103;175;225;48;2;67;72;147m▇[38;2;76;119;160;48;2;88;147;191m┍[38;2;61;83;133;48;2;98;168;211m╸[38;2;111;198;240;48;2;104;183;229m─[38;2;99;170;217;48;2;77;93;167m▇[38;2;93;149;200;48;2;18;16;68m▇[38;2;101;168;218;48;2;22;16;70m▆[38;2;102;175;222;48;2;63;104;147m▇[38;2;102;175;223;48;2;102;177;225m▄[38;2;102;168;216;48;2;102;175;223m▁[38;2;101;158;208;48;2;102;174;221m▃[38;2;93;125;183;48;2;103;160;205m╺[38;2;83;74;124;48;2;94;124;162m╎[38;2;91;131;190;48;2;60;87;131m▇[38;2;91;130;190;48;2;93;134;193m▄[38;2;86;118;182;48;2;91;129;190m▝[38;2;90;125;188;48;2;55;48;126m▉[0m[38;2;20;16;64m▌                   [0m
 [38;2;0;0;0m    [38;2;46;40;54m▁[38;2;88;76;86m▅[38;2;114;98;100;48;2;73;62;82m▇[38;2;116;111;110;48;2;114;99;106m┈[38;2;92;73;92;48;2;113;102;108m▂[38;2;28;33;70;48;2;100;122;160m▃[38;2;34;32;77;48;2;111;127;140m▅[38;2;58;97;129;48;2;94;145;195m▘[38;2;98;156;207;48;2;98;148;201m▗[38;2;92;142;193;48;2;99;154;207m╶[38;2;41;101;97;48;2;89;128;181m╴[38;2;98;153;204;48;2;100;166;211m▆[38;2;101;175;223;48;2;98;164;214m┊[38;2;101;174;223;48;2;97;166;214m┈[38;2;100;174;221;48;2;67;61;151m▆[38;2;100;168;220;48;2;24;19;74m▇[38;2;80;143;173;48;2;102;176;225m╶[38;2;39;77;94;48;2;102;177;223m╴[38;2;103;176;224;48;2;102;177;225m┈[38;2;96;174;207;48;2;100;171;218m┊[38;2;102;177;225;48;2;99;173;217m┊[38;2;101;175;224;48;2;102;177;225m┈[38;2;92;110;196;48;2;96;165;211m╺[38;2;103;177;225;48;2;98;167;212m╴[38;2;80;127;173;48;2;96;161;207m▁[38;2;107;188;231;48;2;102;175;223m▂[38;2;103;175;223;48;2;106;187;230m▇[38;2;102;163;213;48;2;102;173;221m▗[38;2;101;156;208;48;2;102;167;216m╼[38;2;102;165;212;48;2;101;157;208m▗[38;2;102;159;210;48;2;102;156;207m▏[38;2;101;156;207;48;2;98;143;197m╴[38;2;89;125;187;48;2;62;79;127m▇[38;2;89;124;186;48;2;90;127;188m▄[38;2;49;64;115;48;2;87;120;182m╶[38;2;88;125;186;48;2;87;124;182m┊[38;2;91;121;189;48;2;58;67;132m╴[0m[38;2;15;13;45m▏                   [0m
 [38;2;0;0;0m   [38;2;60;59;80m▗[38;2;85;76;88;48;2;100;83;94m┊[38;2;114;93;98;48;2;107;88;95m╴[38;2;77;68;86;48;2;113;96;98m▁[38;2;36;27;55;48;2;105;86;96m▂[38;2;88;74;96;48;2;22;17;48m▚[38;2;128;103;124;48;2;99;74;106m╴[38;2;55;42;86;48;2;92;124;168m▘[38;2;95;142;199;48;2;97;142;195m╴[38;2;106;102;128;48;2;100;148;198m▃[38;2;107;90;119;48;2;93;162;197m▆[38;2;103;124;150;48;2;107;139;177m▏[38;2;113;136;169;48;2;97;147;200m▃[38;2;106;149;188;48;2;98;153;205m▖[38;2;98;149;202;48;2;99;171;215m▇[38;2;94;126;195;48;2;96;152;203m┊[38;2;97;149;202;48;2;100;167;216m▄[38;2;98;150;202;48;2;101;170;216m▅[38;2;98;162;210;48;2;100;169;218m▁[38;2;100;167;217;48;2;100;172;220m▄[38;2;101;165;213;48;2;101;170;219m▁[38;2;99;171;219;48;2;100;165;216m╴[38;2;101;168;218;48;2;74;139;159m▇[38;2;74;121;156;48;2;101;169;216m▂[38;2;101;167;215;48;2;94;134;198m▉[38;2;102;170;218;48;2;99;166;212m┈[38;2;104;179;225;48;2;101;169;218m╹[38;2;100;155;208;48;2;101;167;217m╶[38;2;102;162;213;48;2;100;154;207m▘[38;2;101;158;210;48;2;101;155;206m╹[38;2;101;155;206;48;2;101;154;206m┈[38;2;97;141;200;48;2;99;149;202m╶[38;2;88;123;186;48;2;87;122;182m┊[38;2;86;116;182;48;2;88;121;184m▂[38;2;66;90;145;48;2;87;120;183m▁[38;2;87;119;183;48;2;86;119;182m╴[38;2;87;116;184;48;2;59;76;134m╴[0m[7m[38;2;30;31;84m▄[0m [38;2;0;0;0m                   [0m
 [38;2;0;0;0m   [38;2;22;30;55m▝[7m[38;2;87;71;86m▃[38;2;72;60;79m▄[0m  [38;2;22;26;42;48;2;109;85;111m▘[38;2;73;60;97;48;2;75;118;157m▋[38;2;105;117;160;48;2;95;135;190m▁[38;2;131;88;86;48;2;104;116;161m▃[38;2;126;75;94;48;2;126;86;93m┊[38;2;123;94;99;48;2;121;87;98m┊[38;2;91;65;92;48;2;120;94;106m╺[38;2;120;102;115;48;2;123;129;140m▇[38;2;103;91;116;48;2;114;123;146m╷[38;2;121;130;150;48;2;97;143;197m▖[38;2;57;63;128;48;2;93;138;192m▗[38;2;55;90;121;48;2;93;144;192m╴[38;2;98;155;206;48;2;97;146;200m▝[38;2;96;148;201;48;2;99;161;212m▖[38;2;80;125;173;48;2;96;157;205m╷[38;2;97;149;202;48;2;100;156;206m▇[38;2;97;148;201;48;2;100;165;214m▄[38;2;65;105;142;48;2;97;151;206m┌[38;2;28;49;81;48;2;91;138;189m╹[38;2;102;163;216;48;2;98;154;206m┈[38;2;46;82;108;48;2;97;149;199m╸[38;2;100;158;209;48;2;100;155;206m┊[38;2;101;160;210;48;2;100;154;206m┎[38;2;102;152;205;48;2;100;153;205m╴[38;2;100;153;205;48;2;101;153;206m▄[38;2;100;155;206;48;2;98;149;202m┊[38;2;56;72;125;48;2;78;107;165m╹[38;2;85;116;180;48;2;85;114;179m╴[38;2;83;112;177;48;2;84;115;179m▘[38;2;47;62;116;48;2;82;110;175m▂[38;2;32;36;89;48;2;41;50;102m╴[0m[38;2;17;16;55m▘                     [0m
 [38;2;0;0;0m       [0m [38;2;29;22;42;48;2;76;65;84m▌[0m[7m[38;2;89;72;88m▁[38;2;63;60;94m▃[38;2;68;43;68m▅[38;2;64;48;75m▆[38;2;26;24;65m▄[38;2;28;30;70m▅[38;2;77;67;88m▄[0m[38;2;37;35;95;48;2;104;80;104m▃[38;2;65;58;108;48;2;92;115;158m▄[38;2;30;18;89;48;2;70;87;152m╺[38;2;44;79;109;48;2;91;138;189m▎[38;2;96;152;207;48;2;95;144;199m╾[38;2;95;143;198;48;2;96;151;204m▅[38;2;23;16;75;48;2;74;108;160m┃[38;2;91;130;190;48;2;96;145;198m▂[38;2;99;153;204;48;2;92;139;191m┊[38;2;21;26;70;48;2;88;127;179m┃[38;2;100;145;195;48;2;100;146;198m╴[38;2;79;115;156;48;2;97;143;193m▁[38;2;72;82;147;48;2;100;152;202m▗[38;2;102;154;198;48;2;94;137;185m╴[38;2;101;148;198;48;2;100;152;203m▅[38;2;102;148;197;48;2;100;151;203m▄[38;2;101;152;201;48;2;100;147;198m┊[38;2;98;141;199;48;2;41;51;104m▘[38;2;50;73;117;48;2;76;108;164m╴[38;2;32;40;93;48;2;81;109;173m▃[38;2;12;11;38;48;2;42;53;108m▗[0m[7m[38;2;17;15;61m▄[0m [38;2;1;1;2m                      [0m
 [38;2;0;0;0m       [0m [7m[38;2;51;46;67m▅[0m [38;2;0;0;0m   [38;2;81;61;79m▗[38;2;96;61;80;48;2;15;14;48m▇[38;2;88;72;94;48;2;123;105;123m▏[38;2;130;123;132;48;2;102;129;176m▖[38;2;111;118;156;48;2;82;102;112m▉[38;2;135;112;118;48;2;102;132;177m▂[38;2;124;114;126;48;2;99;136;188m▄[38;2;102;109;139;48;2;113;127;158m╴[38;2;123;124;148;48;2;109;135;172m▖[38;2;104;107;190;48;2;30;46;87m▍[38;2;74;86;159;48;2;83;114;177m╶[38;2;59;86;132;48;2;81;111;173m╷[38;2;52;68;122;48;2;104;143;179m▊[38;2;103;137;183;48;2;104;110;181m▉[38;2;103;140;186;48;2;99;133;175m┊[38;2;105;140;185;48;2;103;135;181m┊[38;2;112;135;170;48;2;105;143;186m▂[38;2;113;139;170;48;2;106;146;190m▂[38;2;70;102;129;48;2;102;125;169m╹[0m[7m[38;2;43;51;102m▂[38;2;18;17;68m▃[38;2;19;20;71m▅[38;2;17;15;63m▆[0m [38;2;0;0;0m                        [0m
 [38;2;0;0;0m             [38;2;54;44;80m▗[7m[38;2;47;37;62m▂[38;2;86;74;89m▖[0m[38;2;63;56;76;48;2;139;109;109m▃[38;2;90;78;86;48;2;128;100;103m▁[38;2;91;71;91;48;2;118;93;99m┙[0m[7m[38;2;98;83;97m▁[38;2;111;94;107m▂[38;2;73;66;94m▂[0m[38;2;71;94;156;48;2;39;41;88m╺[38;2;18;30;71;48;2;80;106;173m▂[38;2;66;78;149;48;2;31;31;91m▎[38;2;20;25;74;48;2;94;118;133m▋[38;2;117;123;149;48;2;118;113;141m▉[38;2;74;63;110;48;2;116;120;144m╸[38;2;126;119;134;48;2;116;128;157m▄[38;2;119;131;154;48;2;131;119;127m▝[38;2;136;122;127;48;2;127;133;152m▃[38;2;47;31;87;48;2;131;107;133m▝[0m[38;2;17;16;59m▌                            [0m
 [38;2;0;0;0m             [0m [38;2;1;1;2m [7m[38;2;12;10;37m▇[38;2;14;26;46m▇[38;2;19;25;70m▇[0m [38;2;0;0;0m  [0m [38;2;118;105;115m╼[38;2;166;147;143;48;2;42;35;53m━[38;2;157;139;160;48;2;19;11;43m▅[0m[38;2;44;20;75m▖[7m[38;2;49;55;79m▄[0m[38;2;28;30;74;48;2;125;108;110m▄[38;2;64;63;80;48;2;136;109;107m▂[38;2;142;107;99;48;2;136;113;113m▅[38;2;144;108;98;48;2;140;113;110m▄[38;2;143;103;104;48;2;56;15;85m▉[0m[38;2;21;19;68m▍                            [0m
 [38;2;0;0;0m                     [0m [38;2;60;43;68m▂[38;2;75;53;84m▃[38;2;99;80;90;48;2;142;138;129m▆[38;2;84;47;87;48;2;107;83;96m▝[0m[38;2;90;70;88m▆[38;2;109;89;97;48;2;23;16;64m▅[38;2;27;32;73;48;2;92;74;91m▁[38;2;61;40;74;48;2;117;90;92m▂[38;2;72;44;75;48;2;123;91;89m▃[0m[7m[38;2;82;56;81m▂[0m[38;2;19;19;57m▘                            [0m
 [38;2;0;0;0m                     [38;2;57;57;72m▝[7m[38;2;85;76;90m▖[0m[38;2;52;58;74;48;2;92;72;91m▁[38;2;106;88;92;48;2;93;76;87m┊[0m[7m[38;2;90;75;88m▂[38;2;85;69;87m▃[38;2;59;53;80m▇[0m[38;2;15;14;45;48;2;72;48;75m▎[38;2;62;37;75;48;2;105;65;78m╸[38;2;19;16;51;48;2;82;47;74m▁[0m[38;2;18;16;56m▍                             [0m
 [38;2;0;0;0m                      [7m[38;2;49;50;61m▇[0m[38;2;51;23;92m▁[38;2;62;26;97m▂[38;2;17;15;49m▁[0m [38;2;67;50;76m▄[38;2;56;38;77;48;2;90;65;83m▗[0m[7m[38;2;49;36;68m▄[0m [38;2;1;0;1m                              [0m
 [38;2;0;0;0m                      [38;2;89;80;99m▝[7m[38;2;134;114;120m▅[38;2;115;108;117m▖[0m[38;2;126;90;119;48;2;81;56;85m▎[38;2;93;66;84;48;2;46;28;73m▅[38;2;96;69;85;48;2;92;67;84m┈[0m[38;2;48;29;75m▌                                [0m
 [38;2;0;0;0m                      [7m[38;2;43;39;49m▉[38;2;69;53;78m▘[0m[38;2;79;57;83;48;2;44;31;75m▆[38;2;79;59;82;48;2;87;63;83m▏[0m[7m[38;2;79;57;79m▗[38;2;58;43;71m▅[0m [38;2;0;0;0m                                [0m
 [38;2;0;0;0m                      [0m  [7m[38;2;70;61;80m▅[38;2;38;35;67m▆[0m [38;2;0;0;0m                                  [0m
 [38;2;0;0;0m                                                             [0m
 [38;2;0;0;0m                                                             [0m
 [38;2;0;0;0m                                                             [0m
 [38;2;0;0;0m                                                             [0m
[?25h