[?25l[0m [38;2;0;0;0m                             [0m
 [38;2;0;0;0m                             [0m
 [38;2;0;0;0m                             [0m
 [38;2;0;0;0m                             [0m
 [38;2;0;0;0m                  [0m [38;2;118;116;155m▃[38;2;130;130;170m▄[38;2;147;141;177m▄[38;2;103;104;149m▆[38;2;129;164;204m▅[38;2;113;136;182m▖    [0m
 [38;2;0;0;0m                  [7m[38;2;65;49;71m▉[38;2;134;102;126m▃[0m[38;2;43;24;67;48;2;140;108;129m▃[38;2;107;90;126;48;2;130;106;134m╴[38;2;128;149;185;48;2;134;131;160m╴[38;2;107;112;153;48;2;124;138;174m╷[38;2;124;143;178;48;2;120;136;174m╴[0m[38;2;93;93;144m▖   [0m
 [38;2;0;0;0m      [0m [38;2;76;77;127m▁[38;2;128;162;202m▁[38;2;129;165;204m▁[38;2;113;141;179m▁[38;2;88;102;144m▁[38;2;87;99;137m▁[38;2;92;102;141m▁[38;2;121;148;191m▂[38;2;132;165;205m▃[38;2;132;169;211m▄[38;2;129;167;210m▅[38;2;121;152;196m▆[38;2;130;166;208m▅[38;2;128;162;204m▄[38;2;66;45;84;48;2;125;123;158m▘[38;2;150;128;147;48;2;142;120;142m┈[38;2;146;125;145;48;2;145;134;158m╴[38;2;142;143;172;48;2;125;141;178m╴[0m[38;2;121;138;173m▌   [0m
 [38;2;0;0;0m   [38;2;47;46;71m▁[38;2;117;143;184m▃[38;2;129;138;174m▅[38;2;141;147;182;48;2;68;60;118m▇[38;2;109;130;169;48;2;145;156;188m╴[38;2;108;134;175;48;2;143;151;184m╶[38;2;119;120;155;48;2;145;159;193m┎[38;2;141;137;165;48;2;142;173;213m▄[38;2;141;143;171;48;2;133;166;208m▃[38;2;129;149;185;48;2;133;168;210m▄[38;2;110;125;162;48;2;128;150;187m╸[38;2;119;136;173;48;2;129;151;189m─[38;2;129;151;185;48;2;125;143;180m┈[38;2;131;161;199;48;2;130;153;191m▗[38;2;113;127;165;48;2;125;147;186m╶[38;2;125;145;181;48;2;127;151;190m┈[38;2;118;139;174;48;2;128;151;189m╸[38;2;102;109;154;48;2;124;143;180m▁[38;2;130;155;194;48;2;127;149;188m┊[38;2;127;145;181;48;2;107;106;144m▇[38;2;112;124;166;48;2;129;142;177m╷[38;2;129;149;185;48;2;125;138;172m╴[0m[38;2;93;89;130m▘   [0m
 [38;2;0;0;0m [0m [38;2;123;109;143m▄[38;2;155;139;159;48;2;132;117;147m╴[38;2;85;70;121;48;2;137;127;158m╸[38;2;68;49;113;48;2;144;132;164m▗[38;2;90;74;129;48;2;153;130;155m▘[38;2;45;30;66;48;2;133;121;155m▃[0m[7m[38;2;137;119;151m▂[0m[38;2;51;48;89;48;2;105;109;147m▁[38;2;92;112;155;48;2;100;112;152m╷[38;2;95;111;152;48;2;157;131;150m▇[38;2;89;107;150;48;2;111;131;169m▗[38;2;111;131;169;48;2;79;79;131m▉[38;2;70;62;123;48;2;122;140;178m▖[38;2;120;137;173;48;2;126;145;181m╶[38;2;130;149;186;48;2;127;147;184m┊[38;2;130;154;192;48;2;128;149;185m╴[38;2;72;72;128;48;2;102;114;158m╻[38;2;99;110;153;48;2;117;128;167m╸[38;2;129;152;191;48;2;130;148;185m┊[38;2;93;93;144;48;2;126;145;182m╶[38;2;86;103;148;48;2;103;113;153m┈[38;2;70;62;108;48;2;120;136;170m▄[0m[38;2;91;88;117m▘    [0m
 [38;2;61;41;85m╺[38;2;58;41;65;48;2;121;92;118m▎[38;2;93;66;92;48;2;159;123;139m▁[0m[7m[38;2;86;57;103m▖[38;2;145;109;126m▂[38;2;70;47;83m▅[38;2;102;73;98m▆[0m[38;2;3;1;5m  [0m [7m[38;2;70;70;125m▇[38;2;70;72;123m▅[38;2;82;94;143m▅[38;2;78;90;136m▃[0m[38;2;70;63;122;48;2;98;94;137m┗[38;2;146;139;164;48;2;132;146;180m▃[38;2;111;94;135;48;2;132;142;175m▁[38;2;77;71;128;48;2;107;125;164m╱[38;2;86;100;143;48;2;70;68;125m▇[38;2;145;106;129;48;2;140;117;141m╴[38;2;134;104;129;48;2;138;136;164m▂[38;2;143;127;150;48;2;128;135;169m╴[38;2;130;144;179;48;2;98;106;152m▇[38;2;116;122;159;48;2;80;75;120m▖[0m[38;2;51;24;94m▋    [0m
 [38;2;0;0;0m [0m  [38;2;0;0;0m          [0m [38;2;39;21;70;48;2;128;97;123m▎[0m[7m[38;2;136;106;130m▗[38;2;64;43;94m▖[38;2;79;67;114m▗[38;2;92;96;137m▅[38;2;63;58;110m▅[0m[38;2;40;23;57;48;2;150;99;114m▎[38;2;114;75;109;48;2;142;111;130m▁[38;2;58;41;71;48;2;115;103;135m▂[0m[7m[38;2;85;75;115m▄[0m[38;2;32;18;55m▘    [0m
 [38;2;0;0;0m              [38;2;86;60;99m▝[7m[38;2;120;89;119m▝[38;2;112;96;128m▘[0m[38;2;84;71;107;48;2;47;37;65m▇[38;2;127;119;138;48;2;77;66;100m┊[0m[7m[38;2;70;59;94m━[0m [7m[38;2;54;38;68m▇[0m [38;2;0;0;1m      [0m
 [38;2;0;0;0m              [0m [7m[38;2;109;81;115m▄[38;2;107;82;114m▄[38;2;90;74;113m▄[38;2;34;20;61m▇[0m [38;2;0;0;0m         [0m
 [38;2;0;0;0m                             [0m
 [38;2;0;0;0m                             [0m
[?25h